971 100 73
47
60
43
14
40
50
98
18
70
74
30
14
19
61
28
19
100
93
79
68
6
16
10
57
2
8
68
70
79
4
17
14
100
82
55
60
88
92
23
29
61
62
87
71
38
2
94
74
39
73
40
59
22
41
51
87
77
45
98
30
4
89
32
70
58
11
20
93
41
45
15
32
83
51
69
24
2
47
51
29
26
50
41
14
24
56
79
34
88
79
48
76
48
34
24
58
2
37
76
40
98
70
23
42
8
98
41
9
8
55
61
43
100
37
23
8
55
89
47
99
90
19
90
38
85
18
15
87
28
69
99
29
52
93
5
44
27
65
55
1
63
55
3
86
17
79
16
82
57
7
80
70
82
42
35
14
68
20
65
27
83
14
7
79
18
62
64
58
45
18
15
25
34
94
43
38
62
81
24
7
94
41
82
64
18
28
25
77
87
45
84
88
12
65
87
56
72
4
99
28
65
13
17
65
16
30
38
17
12
19
68
67
43
1
47
70
73
88
66
95
62
48
3
22
13
21
75
67
49
16
88
49
36
67
29
25
77
69
99
45
13
62
60
87
27
100
91
97
49
66
19
67
35
67
79
48
47
58
74
79
8
70
49
44
32
42
51
28
66
80
65
62
91
26
46
43
98
99
46
92
11
69
73
21
30
75
39
49
20
32
49
91
77
1
37
15
27
76
15
68
14
6
85
32
94
71
9
16
9
66
75
98
62
12
11
59
95
79
23
99
65
10
11
52
71
57
43
20
3
77
80
1
58
79
81
54
70
62
86
50
75
35
14
24
31
58
41
41
31
43
79
41
45
70
56
98
76
100
54
99
4
79
57
50
69
17
86
98
88
95
63
7
64
19
95
70
33
43
82
59
99
36
35
64
92
46
92
75
56
89
98
40
76
77
31
75
24
4
41
16
42
33
9
73
79
13
76
20
34
33
73
8
58
42
6
71
38
12
31
60
71
81
76
13
46
54
75
12
66
7
72
95
4
58
67
71
77
61
67
44
71
95
54
48
59
10
12
8
73
38
37
92
79
63
96
87
50
92
8
4
21
37
28
14
39
51
18
76
62
25
62
3
65
28
85
30
8
17
5
18
67
54
29
28
54
68
86
47
55
30
18
44
27
34
54
96
68
100
56
49
59
83
2
22
85
4
58
26
59
96
37
70
64
64
8
97
37
94
67
39
77
92
68
52
26
57
88
92
15
20
42
32
39
91
2
35
6
11
90
25
60
1
42
78
20
78
85
4
2
51
35
43
19
32
3
47
90
11
36
90
58
36
10
53
86
45
5
99
45
19
84
40
5
12
37
48
90
43
63
98
62
91
77
28
86
81
71
98
89
42
95
20
93
33
56
49
15
69
3
70
8
44
76
100
12
33
99
30
90
82
82
1
4
100
51
66
18
71
1
63
72
44
6
48
12
38
13
77
14
78
96
71
70
35
68
44
53
66
87
74
68
82
65
11
57
36
34
71
96
26
99
50
42
87
95
70
74
29
78
42
74
35
6
60
95
35
35
78
81
49
37
33
93
21
17
91
96
1
58
84
34
38
32
77
31
2
48
65
23
4
78
33
29
83
86
36
42
35
44
95
69
42
85
32
87
23
79
90
16
54
16
30
14
43
72
43
20
48
5
26
15
37
53
6
42
59
76
65
27
6
13
45
98
82
26
15
35
68
47
9
14
34
54
46
79
29
68
42
93
85
69
92
52
35
74
55
79
76
47
20
8
96
9
46
94
6
85
88
21
8
95
57
67
1
65
93
49
25
12
63
4
60
48
52
77
83
37
14
56
79
57
4
18
41
35
1
60
25
72
48
35
68
87
13
71
16
88
26
19
65
29
51
58
73
35
23
73
95
37
83
98
47
39
5
76
76
47
27
85
69
18
9
76
50
95
80
83
67
25
40
8
37
22
21
90
63
32
9
37
88
77
42
31
56
38
22
22
58
36
3
24
35
13
8
94
21
31
61
82
38
76
29
21
64
2
15
1
25
21
71
22
90
40
52
77
24
6
48
33
3
1
46
43
91
83
15
87
87
65
84
92
59
64
35
12
3
77
46
83
70
85
92
54
21
67
7
22
31
74
70
9
70
6
3
73
88
93
99
65
3
56
82
37
90
70
46
38
7
82
18
74
58
82
45
82
71
21
56
34
45
46
77
64
44
1
43
49
15
32
41
2
74
67
57
12
28
47
87
31
1
40
