283 86 62
44
82
81
39
63
35
24
19
69
83
68
12
43
40
67
65
18
28
38
28
39
15
26
52
2
11
34
46
33
73
40
43
15
2
26
86
45
81
49
57
58
45
58
76
21
46
63
84
25
26
3
81
27
7
60
13
27
79
16
22
8
15
12
14
60
80
18
80
29
84
12
30
4
63
44
10
76
39
50
14
55
33
29
73
52
30
14
67
27
4
33
76
66
74
61
42
65
59
27
3
50
71
67
62
78
85
34
55
33
67
36
68
21
68
32
24
57
62
62
6
61
61
78
18
75
79
34
30
56
49
5
35
50
22
39
63
71
75
46
65
71
80
86
59
57
80
8
25
65
18
29
13
27
13
32
6
79
83
68
48
59
64
44
59
85
66
74
36
79
64
70
50
83
85
71
82
13
9
2
57
53
19
47
23
20
77
50
2
67
72
59
31
59
27
46
11
48
62
36
24
7
25
80
24
43
77
83
58
6
31
29
17
42
21
81
43
75
59
41
63
69
62
13
28
40
57
56
62
37
83
45
16
43
61
35
33
1
62
8
1
9
70
24
41
86
68
72
63
14
41
27
67
23
57
5
50
38
2
2
36
66
23
61
39
67
34
85
28
79
31
83
69
2
26
29
79
30
25
84
6
43
36
51
