953 95 2
16
83
37
88
63
64
1
72
93
42
15
95
50
78
35
3
72
3
68
41
36
7
85
32
37
7
78
28
93
45
60
67
15
74
8
44
8
16
82
18
36
49
29
68
28
56
27
92
20
12
1
5
24
82
87
90
76
90
58
50
56
82
55
65
25
3
91
70
10
12
48
57
78
66
21
12
53
51
47
41
61
54
75
36
74
2
63
18
41
5
80
64
20
24
37
66
19
24
33
74
46
37
85
49
71
37
47
83
51
31
73
68
44
12
70
39
68
42
23
80
65
9
89
8
86
28
94
13
53
74
83
1
17
86
86
57
61
27
47
19
83
24
2
85
55
3
20
87
20
28
34
19
40
79
46
38
3
17
85
70
86
56
85
74
35
73
49
54
1
70
3
45
73
33
40
77
44
74
25
3
41
6
66
93
11
71
82
48
78
70
43
74
16
26
42
61
11
54
71
73
28
45
76
65
6
93
28
33
63
26
8
12
42
2
87
50
52
77
81
57
89
31
83
86
74
11
53
8
49
71
6
52
13
83
30
21
12
15
88
18
15
57
33
22
91
1
1
61
1
36
24
6
89
70
72
53
68
72
35
43
92
46
86
17
88
22
77
80
75
72
42
29
68
41
6
93
63
32
7
39
50
75
83
71
44
79
40
72
13
57
72
24
20
38
53
47
47
81
4
8
43
40
16
76
16
14
79
61
67
4
29
88
41
39
19
19
21
11
2
88
67
12
20
11
95
84
54
84
89
27
91
94
62
39
68
20
55
91
62
86
74
44
34
72
34
28
48
15
42
30
10
25
82
68
29
1
11
32
81
82
34
95
37
59
15
59
48
32
48
15
70
86
40
31
83
40
33
76
46
73
33
67
72
9
70
58
79
32
37
62
20
31
53
28
93
27
18
21
8
51
88
9
49
10
90
41
22
50
76
7
17
25
82
88
9
40
50
82
21
12
19
63
31
89
31
83
48
40
94
45
83
32
43
66
71
53
74
55
23
55
83
34
53
29
27
67
47
23
33
48
50
24
63
20
81
28
62
13
33
6
4
68
4
95
4
48
48
82
22
18
67
58
76
50
38
85
48
71
94
5
51
50
36
1
30
7
53
52
23
33
95
25
12
91
39
58
76
77
94
47
79
93
58
23
16
37
31
71
38
68
30
30
15
74
51
78
75
59
61
26
17
76
22
41
67
81
37
41
75
33
12
65
15
86
69
43
37
86
47
62
86
73
19
9
50
85
9
24
65
93
80
48
17
21
74
70
68
91
81
53
36
36
94
15
35
69
28
41
84
59
92
95
45
17
88
49
55
84
85
9
69
58
5
88
72
57
22
92
19
27
67
28
40
45
29
33
77
7
5
92
93
84
81
92
90
72
10
27
11
88
19
63
69
5
2
73
83
63
95
63
26
94
21
32
83
30
41
62
39
36
74
7
11
89
3
87
76
47
38
94
75
15
51
88
78
27
74
38
18
16
34
52
89
26
57
2
23
43
19
62
72
7
5
26
52
44
13
94
7
57
23
73
48
52
52
62
34
15
25
93
94
57
31
54
87
38
87
55
80
1
40
3
8
8
62
48
36
87
91
22
16
50
65
53
29
46
32
56
61
75
18
3
45
89
62
42
59
88
71
78
81
65
39
31
65
58
71
88
20
28
89
34
37
7
87
2
37
12
62
44
66
88
60
56
29
76
16
6
26
17
80
92
11
40
16
2
52
74
83
38
85
42
56
60
83
30
66
57
83
39
27
52
67
36
51
47
36
42
24
18
64
64
89
21
60
50
63
7
90
20
64
18
31
46
41
72
83
11
18
57
31
15
58
23
29
71
67
88
74
33
86
74
93
33
33
90
25
60
15
35
84
6
12
56
81
19
5
88
34
44
45
48
7
11
19
77
83
61
84
28
13
67
3
40
19
59
76
41
1
88
32
42
70
43
10
48
69
3
52
85
19
51
73
82
6
91
72
47
1
34
92
85
6
4
62
40
64
42
93
61
60
60
45
25
45
42
86
11
27
41
71
85
46
24
55
77
1
47
70
52
70
88
22
21
32
28
44
11
70
67
48
2
53
35
46
56
75
19
15
72
2
46
12
60
8
73
1
27
83
92
34
69
39
91
24
76
3
76
47
76
23
10
81
2
54
2
89
23
24
27
31
66
17
