2000 100 100
25
20
40
43
55
94
50
63
91
57
10
21
81
16
26
11
75
75
17
5
81
58
65
9
94
86
73
54
68
62
63
72
82
41
62
34
93
81
19
94
84
55
77
10
98
2
34
29
80
35
5
67
49
92
42
52
16
72
34
31
7
51
81
40
54
81
42
47
50
65
100
48
89
27
59
12
4
28
37
42
19
67
70
22
7
7
50
1
72
55
86
4
85
94
78
53
29
70
20
100
47
13
41
11
62
47
30
24
60
35
32
20
58
32
11
62
68
32
19
96
4
44
65
53
13
93
34
41
42
8
12
58
45
51
33
79
27
14
58
11
71
30
71
34
56
48
44
12
22
2
80
48
62
84
77
6
67
42
43
33
64
41
19
19
37
60
31
32
89
7
75
81
93
41
79
9
20
54
96
70
81
8
33
39
38
12
53
87
94
16
43
100
24
97
32
74
45
60
49
25
63
55
56
41
50
81
46
94
86
87
19
61
32
87
82
17
59
4
15
4
1
10
38
32
98
9
91
76
21
80
64
25
56
82
9
88
8
86
48
83
34
42
3
92
7
81
19
96
14
47
39
30
2
90
89
75
13
18
32
6
74
95
11
15
95
1
66
100
52
78
26
79
24
40
69
15
81
20
6
25
59
56
91
74
2
28
39
73
89
22
9
7
74
13
95
86
72
32
100
71
34
25
18
83
96
38
42
54
28
65
62
12
77
38
63
42
96
76
30
2
94
56
3
95
64
9
10
39
89
8
58
33
87
41
78
32
40
67
55
75
51
24
6
33
95
89
63
64
44
34
12
77
5
46
100
29
50
50
25
52
90
60
53
49
66
41
2
99
63
69
50
13
82
22
3
31
89
27
52
28
89
54
47
31
25
4
26
8
12
62
27
76
7
42
90
61
14
95
89
67
97
16
55
62
42
54
80
8
86
84
36
80
5
24
86
46
83
90
53
5
10
34
89
77
42
67
21
2
52
84
34
24
12
79
49
58
84
30
25
12
47
62
40
79
57
36
63
77
41
79
57
55
42
44
23
8
23
73
17
78
72
16
91
18
33
29
11
25
26
15
55
85
13
64
89
28
27
22
49
20
33
76
20
71
36
75
95
73
70
74
92
7
36
75
73
47
31
64
71
44
53
62
59
91
30
78
14
44
92
43
13
83
49
80
29
39
75
92
62
51
65
81
32
4
43
14
93
82
55
35
37
34
38
59
41
50
65
7
69
36
96
45
40
61
16
1
30
79
41
99
54
36
97
92
15
39
12
69
50
78
57
53
53
77
87
44
69
49
10
52
12
8
7
75
88
43
80
9
82
63
39
39
60
16
40
91
14
59
55
11
28
97
64
28
54
9
2
89
94
58
36
44
23
90
25
94
81
77
6
24
53
71
8
61
25
99
15
28
73
5
34
49
55
14
2
95
8
10
88
29
62
99
51
80
90
2
79
94
45
34
89
97
48
23
100
96
34
4
84
90
34
6
100
73
90
33
88
35
47
42
85
48
2
91
37
2
83
84
74
34
87
52
50
12
17
34
49
67
18
11
70
7
7
2
20
58
31
95
78
69
92
72
50
45
26
84
35
63
15
100
21
47
100
14
67
17
34
54
89
2
21
20
21
78
94
89
58
20
66
56
72
55
60
100
60
47
22
42
75
6
73
65
68
65
7
89
31
8
60
68
91
44
92
94
81
87
15
81
64
67
2
29
39
25
49
34
11
64
69
24
4
4
50
7
53
50
87
92
47
10
57
80
96
49
84
71
55
35
25
73
90
28
14
71
12
95
44
87
63
95
99
60
67
27
87
92
97
67
84
53
92
56
19
73
82
59
75
1
35
97
42
42
60
41
95
32
5
46
51
58
39
71
7
34
91
96
93
18
25
94
90
54
94
4
87
78
95
95
5
34
56
18
72
22
42
46
65
75
79
20
52
67
94
24
99
93
45
32
75
6
70
90
71
12
63
66
49
34
78
45
40
44
48
64
97
41
43
92
86
55
100
56
27
100
62
78
56
1
52
32
19
34
94
30
4
60
98
41
92
18
79
52
98
18
88
75
23
4
76
77
97
44
83
52
4
3
11
45
32
48
65
36
75
61
11
86
38
91
56
68
15
84
73
35
33
51
18
38
96
38
9
96
33
77
17
2
86
91
45
99
27
22
35
77
98
18
26
16
32
18
3
19
65
56
36
44
76
57
57
33
35
37
44
72
90
56
13
50
70
83
87
82
35
54
64
18
14
5
65
19
89
57
62
48
13
47
30
80
61
92
20
80
20
65
26
90
79
28
26
56
51
7
44
71
36
24
89
50
86
16
20
90
40
51
12
72
5
78
57
73
37
4
81
59
87
89
99
100
26
71
60
51
48
20
91
57
31
99
80
66
30
5
85
92
13
95
39
30
63
70
60
2
65
74
1
17
77
14
6
44
9
32
95
75
33
40
100
67
25
61
71
4
95
100
82
91
33
91
18
69
13
13
79
11
92
7
25
61
7
32
90
52
49
8
64
3
21
98
39
59
15
14
75
21
17
86
66
57
37
28
33
76
55
41
25
20
98
87
100
95
49
17
48
57
31
100
50
35
58
35
4
2
7
68
84
13
41
81
52
14
22
53
12
74
19
6
30
22
50
99
60
23
34
23
63
60
36
27
36
62
78
99
32
38
90
31
97
14
63
20
21
15
27
82
97
12
20
100
44
30
15
2
30
45
26
91
15
59
29
91
34
93
28
57
86
79
76
42
95
85
40
57
24
59
49
35
46
13
1
25
21
43
6
66
71
90
90
83
25
10
74
59
45
52
20
50
38
35
24
44
15
65
31
58
61
80
38
63
81
93
43
48
69
47
58
35
54
79
24
5
8
22
36
50
11
72
45
80
89
34
45
8
73
65
59
79
19
2
60
100
35
92
88
34
13
20
52
62
94
45
27
52
59
7
82
56
77
51
55
30
7
70
6
59
78
98
23
49
22
85
82
91
5
24
69
11
65
48
67
73
58
30
86
92
6
88
13
6
40
96
69
81
80
60
52
73
25
75
75
35
22
86
76
83
17
61
27
34
10
86
70
56
100
80
98
68
51
22
27
22
59
47
81
18
85
65
55
38
43
49
5
93
16
57
87
63
20
8
31
14
60
21
54
40
80
62
100
53
28
19
23
8
37
30
7
51
56
40
15
26
46
56
66
18
30
63
17
20
8
73
46
100
100
40
3
25
57
16
81
50
28
54
12
57
10
43
40
76
67
15
40
29
68
20
86
15
30
78
49
50
92
35
61
53
83
68
46
34
29
84
29
5
87
12
56
68
22
96
85
90
47
63
99
57
20
81
25
17
32
67
92
68
84
18
68
20
85
58
44
59
68
82
96
54
77
28
89
59
57
30
81
2
78
50
79
64
20
86
3
34
82
51
91
42
34
79
77
54
71
32
14
42
22
75
23
98
76
41
18
54
22
23
93
22
11
100
44
83
34
6
99
15
45
32
62
80
28
79
65
99
66
8
35
76
84
7
43
15
18
41
32
69
99
60
52
85
23
98
57
71
84
41
18
92
83
12
74
69
19
36
2
25
5
9
18
43
91
8
6
47
94
2
58
56
42
32
90
33
40
59
2
98
56
12
83
55
43
37
99
67
96
28
33
78
86
82
61
20
88
8
54
27
56
27
22
13
88
67
52
68
84
59
95
96
34
16
20
25
33
36
62
89
61
71
100
88
76
76
74
4
100
13
58
97
25
44
57
6
77
47
11
56
39
17
90
93
29
57
81
36
85
98
80
39
76
94
74
8
16
98
43
8
98
14
71
41
5
6
60
92
61
89
92
32
53
91
91
26
45
71
3
77
99
49
14
44
92
91
73
97
34
8
61
1
100
81
42
13
53
83
52
62
88
52
67
33
12
54
64
82
15
75
65
27
59
85
32
71
44
86
8
81
88
67
87
40
58
81
57
21
83
89
28
24
67
67
9
11
90
7
41
54
20
71
98
41
44
67
53
65
73
77
45
40
97
6
85
63
17
75
75
91
48
82
44
100
92
40
64
57
71
48
22
86
79
99
45
4
26
1
1
37
82
71
65
29
47
4
68
29
31
40
69
17
55
74
47
89
60
67
45
36
49
13
59
78
41
67
58
60
77
61
49
15
86
57
40
83
14
58
5
97
9
100
85
48
31
86
7
91
54
40
26
43
14
74
81
46
21
98
36
95
92
1
16
50
6
70
42
29
2
3
57
85
85
92
70
95
78
59
25
15
41
3
18
53
95
35
39
26
48
69
62
33
50
85
19
19
82
17
38
21
32
10
95
5
12
35
82
52
33
32
63
34
71
20
72
7
27
55
100
70
14
5
79
56
64
4
32
4
41
80
9
42
58
34
63
96
94
22
16
88
45
80
100
25
80
78
3
28
77
35
97
41
68
91
63
62
42
48
12
35
63
58
10
85
20
67
93
79
48
38
51
30
25
79
47
69
10
30
6
47
11
18
84
47
56
70
48
23
91
62
3
52
9
82
98
6
57
55
86
51
51
22
24
82
72
25
96
85
