294 74 73
28
48
63
15
59
25
10
13
71
45
34
9
54
68
9
2
45
26
20
17
42
32
50
27
11
12
66
52
32
12
62
18
64
5
15
62
7
25
48
2
58
64
42
23
10
8
70
1
61
54
15
67
62
18
39
21
19
72
53
11
22
34
44
31
72
69
57
38
73
7
32
51
23
56
6
69
30
13
64
8
58
5
22
60
63
44
6
61
47
56
8
58
52
11
67
32
73
32
16
71
7
36
41
27
3
9
27
48
46
46
72
42
41
42
63
59
29
28
2
69
58
42
13
7
21
4
50
11
47
58
54
10
22
42
24
5
48
8
5
63
32
73
29
39
60
34
52
7
15
6
14
32
72
18
33
72
66
62
21
14
27
55
16
38
18
48
13
37
30
13
35
12
1
25
9
62
70
46
56
28
22
32
3
40
44
2
23
9
25
7
71
57
42
70
35
11
62
33
56
40
54
31
60
27
74
38
47
14
59
2
10
32
50
3
46
20
69
70
46
2
44
28
25
20
55
37
5
73
20
69
43
47
67
64
28
46
58
44
8
3
74
51
65
66
6
8
17
57
5
49
73
36
40
61
15
73
47
13
17
67
15
14
29
55
18
6
52
57
47
69
27
42
30
2
57
32
43
14
68
63
38
11
44
3
67
16
12
36
27
47
49
21
38
41
