1295 57 7
52
47
15
51
51
26
30
38
57
5
57
47
10
20
35
1
40
6
38
35
50
48
36
14
47
1
11
6
17
50
46
50
24
11
46
37
36
20
54
54
8
34
15
29
41
13
28
56
19
1
53
35
30
17
38
50
3
18
4
24
19
37
35
45
15
49
9
30
56
19
28
7
17
22
48
4
55
48
42
36
39
29
22
20
28
20
15
35
14
44
52
11
26
29
33
45
30
22
8
10
51
56
18
20
38
32
5
18
49
15
34
11
43
54
51
49
47
24
30
46
15
29
26
57
17
12
14
8
37
13
2
4
25
10
27
8
52
43
41
22
54
8
18
20
37
17
40
1
53
28
11
15
40
55
1
35
53
20
46
3
12
24
57
30
33
48
45
50
13
29
7
21
56
4
34
54
11
55
8
24
32
50
30
45
52
22
2
40
30
48
55
25
26
11
37
12
42
7
24
49
33
7
30
37
25
13
45
3
25
21
52
49
46
54
55
26
3
18
16
23
7
25
56
33
4
34
9
29
38
53
8
19
17
21
46
28
41
34
33
9
12
57
45
4
36
55
52
49
4
22
5
25
35
30
7
20
4
16
44
17
35
27
54
41
1
29
24
44
42
15
25
18
15
28
42
30
35
42
4
32
55
11
29
24
26
22
12
11
7
37
9
28
18
25
35
57
27
29
5
27
3
3
56
23
38
25
30
55
56
31
17
52
55
27
55
11
47
4
17
57
50
39
32
56
34
19
36
39
15
17
39
20
22
4
38
51
50
31
56
23
30
57
13
3
39
40
8
53
37
30
29
4
8
21
34
22
41
44
33
42
54
49
47
2
50
55
17
14
10
48
32
25
54
44
17
10
50
14
52
19
17
1
43
47
44
25
49
16
28
8
46
26
48
22
4
24
39
46
54
39
6
49
34
36
42
29
18
6
11
15
28
49
17
36
55
40
15
43
5
30
55
28
11
13
2
41
21
37
52
54
35
36
12
1
39
27
32
25
17
19
18
13
53
6
12
6
8
17
48
1
15
6
26
55
55
48
56
9
27
21
55
18
52
48
41
28
25
46
31
42
7
38
55
1
42
50
51
20
43
1
24
51
19
30
20
7
13
32
39
46
28
15
45
45
35
43
36
3
4
15
26
25
37
23
44
17
44
30
20
8
7
30
48
56
26
40
39
33
26
13
18
13
30
13
17
27
28
34
20
41
56
38
48
40
31
49
40
34
56
32
53
12
7
45
22
43
41
13
51
35
12
12
20
24
23
23
26
7
54
37
45
12
55
30
49
31
20
52
7
31
43
25
11
45
15
11
8
7
2
50
14
52
42
55
22
40
46
4
50
18
46
3
43
45
45
55
27
11
54
47
5
53
3
1
56
37
55
39
20
35
2
37
48
36
48
15
4
27
15
53
33
36
11
53
56
34
35
7
42
46
40
14
45
41
41
2
30
33
19
26
20
57
27
16
12
11
34
37
38
13
25
19
17
4
49
41
43
28
49
27
49
12
2
38
7
40
38
37
23
43
17
11
38
22
6
35
11
23
14
35
18
5
7
53
55
10
52
28
22
15
26
37
50
29
25
54
31
22
24
41
25
4
1
49
50
23
13
39
41
20
17
50
17
7
7
28
49
15
23
41
42
7
25
52
39
26
10
57
45
5
53
26
13
31
1
2
17
15
30
32
37
21
22
50
28
7
33
55
16
44
17
53
18
24
46
20
15
29
12
40
27
10
51
37
49
21
9
18
34
7
42
36
22
50
8
10
44
50
51
50
32
35
45
42
12
44
48
54
42
8
11
28
29
10
29
33
33
39
23
4
42
18
53
15
29
20
44
49
35
49
12
44
52
17
12
50
18
56
7
44
32
40
6
10
33
11
26
21
39
47
5
9
55
53
26
35
51
40
45
7
10
30
15
2
9
31
23
8
23
42
55
14
39
26
54
16
1
51
39
13
42
9
56
48
25
54
10
50
36
51
43
45
32
28
5
31
8
19
18
45
29
38
40
49
39
45
41
43
3
10
41
30
32
20
51
55
43
57
47
24
50
33
13
39
9
32
13
52
2
8
37
9
9
8
34
22
44
51
23
56
38
23
55
29
7
1
5
40
43
10
5
3
9
17
50
42
35
21
4
29
14
55
30
12
57
47
18
8
50
49
39
24
7
13
34
43
29
10
5
34
1
19
40
24
41
53
41
27
35
48
16
53
29
50
46
41
8
17
11
18
52
50
41
16
25
37
42
31
57
32
25
44
55
13
47
19
21
51
15
9
45
56
26
32
48
22
35
19
29
53
52
52
39
34
5
29
26
37
14
14
35
10
19
19
56
26
36
6
28
26
37
15
36
45
51
14
54
32
56
22
1
38
26
55
38
5
29
36
41
25
20
39
23
23
49
16
27
50
8
21
46
19
34
27
26
29
55
47
56
23
49
29
15
24
23
31
36
44
7
40
16
53
23
34
45
8
34
50
34
31
34
23
33
4
12
11
2
34
3
27
45
8
19
32
5
54
33
52
5
11
48
25
35
23
45
42
6
25
3
57
38
43
52
34
44
16
7
24
29
39
48
43
21
36
56
12
33
14
10
36
8
2
2
9
31
18
24
3
26
17
22
16
32
47
1
49
32
25
49
52
26
57
55
34
53
9
11
39
3
32
12
37
28
29
3
23
12
53
22
23
33
41
11
14
15
10
47
36
46
8
5
5
37
5
54
55
34
10
46
28
15
32
36
54
28
39
32
15
26
28
36
36
3
37
6
19
27
30
33
2
43
2
32
49
25
25
53
32
39
43
24
12
25
9
56
57
51
16
38
31
23
49
51
34
8
26
19
19
29
29
10
53
48
27
1
51
4
51
20
18
28
8
49
49
40
3
49
19
3
44
9
21
38
31
13
39
45
4
50
33
53
15
23
14
48
15
20
44
34
1
44
7
22
22
5
