491 69 41
22
32
50
34
52
55
20
43
2
16
33
20
68
19
12
2
61
45
20
27
43
3
18
62
10
57
11
29
25
35
27
20
1
17
31
6
43
65
18
17
36
63
5
24
18
15
63
47
10
58
65
49
36
21
3
37
51
42
47
9
61
1
20
54
35
10
57
61
14
10
42
30
62
31
62
3
20
5
67
39
68
15
34
23
42
23
28
2
35
17
55
69
69
30
55
10
44
9
58
61
2
6
59
59
49
44
66
25
64
52
53
22
48
9
10
10
5
3
18
11
6
8
60
11
62
37
26
12
29
18
37
35
34
19
7
35
24
60
36
43
31
57
23
49
28
33
18
56
49
31
59
11
57
46
23
47
21
48
13
4
59
35
69
27
2
32
66
57
37
5
31
26
55
15
3
33
58
17
27
4
65
12
10
36
6
26
29
23
27
15
48
15
28
23
8
44
37
54
50
54
59
69
48
15
27
12
20
35
34
18
26
61
31
23
13
34
50
44
62
13
61
23
50
44
15
17
13
11
37
2
4
26
52
14
38
69
10
34
12
35
33
69
15
7
67
35
4
57
40
45
46
45
15
35
11
24
25
32
13
59
23
14
26
10
4
50
52
26
51
26
9
38
46
37
49
32
65
13
68
16
37
34
30
68
36
43
30
4
58
25
29
21
25
57
61
25
1
30
30
8
24
4
65
63
63
26
48
35
40
11
43
33
2
42
30
59
21
44
53
32
13
45
44
14
8
52
37
43
11
65
64
33
40
44
44
30
30
27
57
8
63
61
13
69
22
60
52
47
24
27
3
4
40
64
41
18
37
26
61
42
25
68
48
67
58
65
40
17
48
18
20
3
26
57
59
24
53
25
32
26
19
24
22
6
19
35
35
63
17
21
30
16
5
28
39
52
54
26
51
9
57
31
64
56
42
8
40
56
9
59
26
52
14
21
68
16
63
18
36
37
68
36
63
3
67
53
12
44
24
55
58
54
47
36
67
67
66
8
55
33
44
56
61
31
63
3
56
2
22
54
54
2
49
41
33
53
46
1
52
11
24
23
69
66
60
29
53
59
45
47
10
55
12
26
52
58
5
43
8
32
33
64
34
57
8
9
29
2
14
19
52
