673 77 82
16
59
59
1
47
16
18
40
73
45
73
41
57
72
8
59
34
40
55
16
53
33
43
27
65
1
47
47
69
6
67
59
30
11
8
48
29
42
25
62
51
44
58
32
1
76
73
41
50
34
40
17
22
17
72
60
38
40
24
29
67
13
25
10
30
8
36
29
27
30
50
63
53
27
45
39
52
69
29
74
73
40
77
38
73
52
18
70
57
50
16
4
76
66
50
16
36
39
31
15
52
12
73
18
68
12
47
51
5
71
59
43
59
75
27
64
18
73
6
58
20
62
59
62
29
48
9
42
47
57
14
76
23
16
20
66
33
41
2
64
38
35
17
7
74
4
61
52
39
60
65
53
34
41
28
77
33
9
37
47
70
30
71
72
31
74
31
45
21
3
21
40
66
20
29
28
28
12
8
72
47
32
75
58
44
59
11
41
58
14
70
65
11
56
16
30
55
64
5
52
66
19
14
8
64
22
57
17
37
49
49
59
65
73
28
28
30
7
19
51
37
29
63
26
21
59
64
61
69
56
61
61
3
76
69
61
18
61
29
33
34
49
7
23
1
25
1
57
33
75
71
52
55
72
40
22
8
45
40
66
3
45
57
40
4
71
64
1
23
29
30
39
45
24
52
54
45
50
36
43
56
69
20
64
75
49
52
32
77
35
66
65
49
37
72
11
55
14
45
26
34
37
23
17
27
39
1
74
34
1
51
20
62
9
30
33
27
76
44
59
71
59
24
16
34
44
28
17
68
76
47
7
36
14
18
55
27
32
71
74
13
73
25
43
71
69
18
38
60
13
75
72
52
25
54
60
20
7
69
28
76
22
69
54
15
51
10
3
64
5
52
64
55
35
51
30
9
25
48
60
42
73
38
36
46
38
2
53
14
41
15
11
76
35
44
42
43
69
1
12
41
54
58
14
15
32
77
37
34
65
42
41
46
71
73
46
55
38
58
64
58
68
71
40
12
17
60
24
23
48
40
61
57
1
67
15
47
1
14
45
29
25
75
40
45
7
27
21
49
25
24
55
67
50
46
71
44
6
2
37
5
20
6
2
75
65
45
62
12
17
50
29
13
62
68
31
9
70
28
5
62
39
77
38
72
42
60
69
32
39
66
19
11
38
25
58
37
12
16
1
25
43
12
73
66
6
33
26
62
24
41
29
30
46
43
67
39
66
73
50
33
13
25
47
32
27
16
39
14
55
62
22
24
40
46
17
18
56
12
66
57
48
44
15
5
48
65
44
35
66
18
48
61
43
22
29
77
28
27
69
47
48
77
67
40
68
16
11
66
58
76
6
17
47
49
20
17
62
72
77
26
10
17
24
52
39
59
43
47
1
56
11
20
69
6
30
68
56
17
25
41
69
66
41
42
14
7
50
16
16
5
29
8
13
17
47
54
52
29
5
11
56
36
47
32
46
1
14
52
6
15
51
57
52
23
67
11
41
49
43
63
58
23
65
48
55
35
40
20
11
50
49
64
69
16
27
54
35
54
66
60
57
70
42
28
9
58
23
75
58
37
58
65
