194505 165 2735
147554 130974
125488 118492
182420 33029
173667 129855
175572 47512
24275 25342
1852 88436
13480 2750
88802 184935
162619 85933
69730 37774
109575 76996
40436 58566
23802 166563
155438 159462
138845 41949
149257 141947
40644 165811
182272 113076
176165 185124
101086 83175
28289 152141
2137 109670
113645 5458
90881 183237
185698 59774
31285 179080
152257 84236
86049 5748
115545 161712
130028 187436
79645 110636
164953 173554
72604 127091
113586 75143
85070 63084
69189 37358
70040 187269
188481 52886
112730 100949
10379 66331
63153 95008
40985 190094
176694 3057
19427 118666
87260 9189
180873 163425
132364 40002
75044 81311
118231 43557
194238 114907
111992 24193
72272 4869
78565 194234
118070 41394
126639 20914
144016 1986
19912 68007
24401 163215
2517 65963
34471 182906
48965 62770
9670 114652
194109 123039
158347 2853
104458 113547
81287 187055
16146 126316
41853 86317
187301 85755
179687 186902
140956 78322
193020 140165
22035 169005
76251 113995
42434 134207
11494 15826
35128 167643
15579 92970
70410 179550
111031 69170
22732 146571
77672 59870
112061 189935
37983 25562
48910 69038
139784 120169
27992 170613
182387 185532
41065 9757
66497 122317
161509 59202
16691 15771
78834 29511
94157 35774
23553 1902
193857 42486
92962 136710
106271 49448
123543 186849
69613 39320
146906 179289
190189 129404
87320 6579
159103 71604
117415 51769
85038 43862
72842 86045
153681 170048
85872 43993
173241 76469
181051 43077
184031 127129
193434 191625
146970 60924
53895 165133
140074 80754
123000 182730
126050 44004
152401 156699
150711 165048
148222 41380
72863 22205
5433 2179
274 153968
22694 134944
178343 91191
163305 158435
90628 61250
100902 132504
100140 13772
43800 56439
3997 191765
50110 90152
173215 122207
161867 33745
107879 180450
23128 159004
193360 174686
76952 21820
67385 147000
141910 96843
48631 1104
102495 80855
161316 102363
94429 2175
52143 130200
135297 176438
188229 114710
147927 101109
921 111108
175041 94270
9066 8519
67315 53440
162634 36409
162947 47046
57553 117048
11874 135002
18477 180933
176852 136970
17573 20572
157316 100487
82592 192659
88001 145153
138821 193459
118999 20808
31899 30396
164196 39677
154898 1716
165753 80469
41847 149314
33893 5458
184812 7852
101150 8932
53072 193011
123432 185381
70583 13043
100739 138539
4863 97692
74043 180857
29640 15745
53870 6092
96521 995
69105 178187
119494 147850
26193 102777
62004 136591
81011 2071
44976 32687
68478 66966
54972 153330
142087 172527
186186 136021
37212 30233
101712 20607
153128 170279
35794 172107
85767 114644
178749 190575
115645 63311
46612 127821
166217 82680
33307 52596
9066 140307
159134 26444
117993 91870
190540 72570
105375 135249
53400 168286
115834 178436
135780 169951
54747 5021
87755 4952
166944 158364
17995 130931
5819 170525
171448 124005
111114 164440
3668 101315
62756 36787
143349 88870
159724 24404
135587 89227
21463 145656
124632 159370
153208 33600
136561 23191
186479 173334
9605 179257
46065 134461
103096 73969
124431 7615
175579 94122
26422 177139
137486 168577
90244 134396
60617 33450
36775 76814
132830 28924
87108 112758
63440 126640
75436 71619
171479 62091
47808 146628
169794 73796
91568 847
184973 141636
155735 108449
89117 130437
3567 99609
193595 55682
185079 141734
53310 72848
93794 106554
32541 167881
135721 32589
67091 753
193179 78790
185760 162762
12732 7056
20459 89805
147339 152272
144082 193966
182975 102600
94713 139614
91887 118757
148074 128518
168312 76051
169799 98863
183772 87506
26240 111621
70751 66133
15103 186837
172107 115680
191161 87198
173445 52285
47571 52886
181787 187670
38228 149883
53637 153958
14765 2023
182732 133311
159824 178352
153951 16904
81005 130891
174466 67265
105168 121626
30592 109688
90490 139522
64763 59610
9773 88600
57675 80246
50894 100382
25660 157384
54183 36076
91083 45520
61542 96366
152789 130046
109675 71768
28432 6168
172625 116289
57859 20914
135325 9752
186770 64198
32325 94104
127700 109676
130783 84787
167364 82028
4469 110044
25946 160983
161934 118558
94454 97509
171324 19182
58768 41723
68744 61464
110779 115386
124832 117804
187931 181967
156747 165118
135388 3289
69521 188238
5141 139640
8602 183381
53816 36958
194164 143175
182358 150792
61987 168086
31841 180357
75448 46082
95344 149099
57701 15703
74801 42617
100043 165091
15733 84490
83325 390
38146 95363
85063 57044
129449 44897
44396 151848
149203 182607
176879 12521
44599 164845
143792 35152
90872 147286
34224 99163
72198 61310
130057 26938
179391 17046
47380 84548
118175 74897
861 72203
163181 186766
51500 45668
31244 90908
167334 121783
4161 86561
180645 62227
168113 173428
139511 91517
175004 90836
35925 47098
106565 175361
80788 99235
33904 26877
131482 118270
153755 180107
79118 85895
38542 17961
58701 34365
89372 150219
49829 67762
14793 34386
74998 188964
189026 59531
99335 76043
117756 135319
183556 105278
88308 97953
50258 151879
176322 127738
9884 144833
159341 159475
59119 79455
147171 491
119781 110
182717 149218
21620 142032
183159 119110
23716 337
188634 118826
32472 92433
56859 150836
1798 100419
47231 168914
139524 115410
96042 74437
29858 31370
108584 76947
143037 114747
165374 40508
119795 170877
42795 166668
75708 163660
127550 38267
19029 86021
106488 114085
168853 124479
139518 27960
142795 69350
116719 5497
84742 38521
135791 75795
63816 43004
108470 81480
115398 152525
165371 16130
30545 48275
116072 157583
165266 35851
85726 108487
191825 73110
54377 25603
45241 38014
152754 92947
173473 18992
45639 73105
117179 143327
6499 80510
188492 74432
98211 146605
8096 35598
28530 1699
91024 185076
91518 74016
108132 128281
81522 116082
153183 117840
192325 10535
88488 110938
21269 12900
113127 164522
96849 152662
7809 78356
30339 65055
37603 38195
44270 190504
81112 164303
115645 47530
171057 181938
94458 6319
42989 38455
185904 146647
32327 25529
25414 41266
66427 27155
57431 182271
159950 159859
31332 30558
114727 109761
122223 175581
166791 4927
169038 101101
58594 101480
59865 27310
78049 66969
40522 26692
193928 77453
18110 118059
105495 32730
27398 132158
90841 105757
17629 157834
138975 133774
177758 75166
142075 184605
120969 157753
167262 104131
61407 124523
141288 150863
144155 116628
89052 192766
51328 98680
156519 158255
86908 64314
75355 50983
39320 159240
67819 54866
72326 136030
47574 51477
180197 191786
84532 30233
178416 68706
20034 135300
67088 118009
172350 163990
16197 191049
87786 50712
43977 61347
33866 102378
79879 190140
78943 82382
74196 81853
97906 130725
97142 112226
29470 166692
67480 20434
679 76501
96646 131605
55778 111362
154800 192107
156064 2451
72472 60161
123806 138821
115284 150266
115594 34581
48594 36609
139261 92061
172949 44165
179155 27548
109409 28663
18969 168545
112775 137588
94142 68532
162711 137584
51215 191162
35158 43729
128266 69694
118836 4411
149052 82217
81444 187032
137012 29179
18484 140460
155418 166488
69293 94272
40574 97404
32287 40070
124400 99786
117472 119299
134090 39996
82894 83113
104780 58589
73015 98595
183201 100576
95308 111309
101766 137760
124562 64264
165287 92942
151115 177339
107907 179116
190874 156729
16442 141920
106407 193698
123887 62483
139021 158019
185533 134130
23321 88021
193329 123156
63769 50163
117101 25537
132567 3427
150404 178859
144302 21420
35191 181889
21044 127014
75093 37866
118925 102453
34326 42653
38318 24461
157459 15728
186007 133970
48272 68962
128996 23462
6537 187939
47652 178384
189404 189784
140127 140787
143844 137862
101885 45995
186458 146551
33759 61680
8171 144397
9447 45604
10091 86794
124600 168291
133605 120208
45696 145150
53021 43079
109832 182435
114469 135143
107164 113503
65488 91350
100413 170185
123795 183197
189650 27189
193106 52883
28191 48602
30803 81605
173695 148222
150401 158534
175520 102840
192933 116028
123838 61296
114165 73635
137208 85592
85476 150110
169015 118651
91216 30063
21465 142683
101822 89762
92898 101562
18409 2059
114764 65165
131469 4452
134224 191494
170111 5500
190061 52542
117453 64887
92307 182424
122723 110311
4141 109843
165294 68869
154413 177864
11108 29914
57645 39921
112553 162131
124342 20379
173695 44556
9096 74924
140281 7842
37093 170172
30847 87458
176682 91168
120576 171843
153236 107725
25606 98517
16974 102755
120323 24384
109423 122368
110760 168188
74720 108168
117225 43618
131778 111589
93890 43614
1526 83765
58688 75553
30062 42057
131467 94051
110826 126440
142759 32007
173668 182485
158748 97937
160893 104079
71332 109317
13559 116604
80077 23953
14594 178428
184118 103208
167536 191255
16948 67913
75057 31926
48423 152598
98790 6919
107924 72861
12705 171113
39507 12162
112985 18096
167139 101017
45215 140936
79412 148543
149475 61414
112304 19610
181633 112144
114385 191035
163770 145068
14658 109164
114981 90074
124275 63033
50524 26993
122638 74399
16520 149478
181880 1700
164746 157249
94490 148277
143826 131023
183333 168654
14978 39621
176343 175
43802 183403
173674 36650
4793 179342
142614 158169
27746 35612
163766 12534
138926 181463
191483 18512
125583 64817
27111 139272
68732 184403
67307 83131
44950 118568
101244 155153
28622 188068
91781 146030
19258 187689
24303 68665
104163 50748
108171 29939
122312 67206
114125 133153
74610 65862
84929 86391
133693 65003
20019 155952
160770 107208
120118 443
134768 76998
4054 193897
52329 192845
94749 7684
96952 58655
126206 89642
14066 43505
29984 136456
80508 154052
47162 8959
121599 157125
193984 93615
172168 137341
28187 81779
123762 38479
33199 159750
164514 64366
158682 50965
41019 55451
187901 52939
5627 71121
74517 172814
29571 129786
150495 62056
123152 8674
36594 67292
33683 138472
96812 30952
174655 172738
76719 137438
52997 48638
83546 34075
70545 157441
46387 89378
98058 172571
156658 38911
64839 163627
49266 49936
53499 103920
153513 76598
158511 175840
49846 49946
58147 193801
127461 56488
7260 167761
106974 52143
22717 162203
105595 36521
8447 123054
42657 31673
95455 39461
107013 152156
192941 134056
68621 135939
67210 83033
133034 179858
96414 159645
70334 69282
137869 182042
125444 59925
84247 6437
67435 7100
94173 129915
173894 2982
67281 84092
95761 19840
113794 3914
91711 179482
113453 33300
131517 50672
165263 104859
105840 14979
169918 184533
3485 174700
129365 43054
158812 169663
186223 161893
193079 707
45973 180738
148319 148275
90748 132919
12434 141364
97920 58803
62861 42598
102161 19286
57457 148225
127430 129981
171909 107794
153504 64425
165763 164348
113814 43938
193681 37318
123505 160775
40831 188148
98432 19265
97482 186554
184985 10264
94436 75119
22276 173747
17332 1143
173798 23676
7771 96583
119543 111096
139625 46694
87957 176177
4305 18746
116006 114261
92415 113335
181551 105464
131921 50359
45228 166869
77673 181277
148225 37660
42923 99412
21418 47481
79651 152121
84689 29863
168557 52212
95813 138223
190402 67176
8233 187193
36110 168843
145203 15370
50557 68193
138640 95911
97267 176843
193012 21365
183917 9480
159383 13459
178543 62612
62566 79020
58499 58026
76015 17140
26464 171788
36665 51975
71644 173619
41922 194437
60719 142941
167008 168871
127395 35656
48605 127340
64722 114572
87028 73917
145934 69568
142199 25425
37122 106190
9750 77683
35050 167032
159047 33741
4300 163608
85388 118951
82657 160581
13022 10131
48845 7423
158294 57318
92797 168806
132473 172184
153226 154652
88176 150453
45025 154650
126260 61293
190761 152475
115240 138241
109145 144742
145256 100319
123923 25285
78319 160738
97645 56418
160537 98941
185157 85109
170955 176337
108176 115444
149438 14270
166671 157939
177982 132059
82612 127073
5392 165615
61049 59957
15511 32143
151843 157693
64734 19501
123473 30166
155325 4723
122755 39210
31497 18258
148390 110448
48578 79909
15252 179152
151107 128435
1203 161473
128121 178967
18756 116959
148648 122243
127739 77732
187120 183536
77246 112269
150977 135738
108928 175480
165522 140143
5681 75309
84042 138568
114902 42852
115773 79957
79947 179625
28368 184125
105614 76670
4533 68119
24444 153288
38244 1745
23524 155462
144177 163451
171828 175390
161703 115631
43341 105300
95716 119359
48009 91857
164648 177734
59331 68494
57552 176902
63547 158400
101066 17078
26246 53267
150380 189828
80111 120972
170852 96679
181775 51295
95214 187481
114414 17039
136115 173369
12891 110092
12483 29220
142396 191934
68417 51694
84497 180618
165053 190736
20560 101849
169306 102038
48281 15061
178904 80243
82858 191880
152957 101252
66592 103481
110128 58289
30328 135326
72345 30001
124491 187039
125734 116599
17382 22679
159231 18148
95455 103794
15240 158507
182 18546
180683 155088
182954 10740
99779 149441
32158 121193
119369 23744
59812 138104
10786 106821
33528 186567
160058 24209
32941 79734
75937 83126
111839 121837
18633 46317
53668 147155
177821 163595
191790 101860
170034 65306
44143 4568
111366 171976
180259 53544
69899 35326
82362 125911
149815 117666
68952 138404
165226 1726
87782 179915
116301 12529
126793 179194
143901 40055
4061 33389
187858 108887
38417 193239
114606 46077
187671 19926
54730 63102
130810 109471
19444 186558
94311 145627
191323 163327
166743 98166
106471 2455
80274 32300
194366 15436
95821 145858
115548 179941
152783 92267
171583 52442
15463 73508
133704 73375
36489 113197
7425 108194
89826 151890
87120 188063
163050 181444
26820 70900
177514 185023
123384 79314
185466 188720
21273 70025
158597 33761
11000 151687
152351 187623
97589 3610
64409 33528
164849 9381
29531 30239
85878 28981
163385 162789
58296 182299
124639 150673
176740 66723
179333 27361
40924 161953
32149 114979
38480 119970
149540 66146
186704 14418
160618 75243
193030 54536
57088 61798
28801 113678
181164 76701
110664 152694
145522 133369
31026 127515
5233 83456
88941 95916
110773 176476
72678 97146
65392 174816
38602 170678
183413 131961
112639 102459
64520 185972
1501 183811
32586 28609
164568 94582
23834 155169
113418 184990
24984 169679
7463 48356
180267 38461
62780 45920
107654 190075
173828 95495
121144 154931
55274 79362
187640 95234
49461 41885
110639 81115
159377 110067
16721 156135
67952 98482
174845 157624
135969 183630
83602 57374
19773 44360
179380 159884
180976 42170
116409 12771
165868 145544
24867 140945
69653 138303
10228 27738
171950 177367
54390 64730
139962 66029
29438 38024
116895 98681
102013 48740
31111 35047
55886 56211
76246 86524
35394 70829
6185 95832
41651 82240
169387 131793
187544 70980
132958 56148
49737 116804
125798 139043
97022 124858
119309 32696
193403 162454
144423 97704
124944 63702
130070 92343
127354 24173
31404 60339
8801 53614
100739 23583
146336 45048
76745 157152
191099 78880
20785 193596
88769 158966
33847 115071
162226 43966
90944 47687
55769 86365
80397 150110
32135 113021
160883 187174
79341 162064
70410 80100
192090 101296
99388 79719
62495 174354
117431 132371
97311 3831
139138 53871
97212 113557
155474 19171
8459 95801
68756 114424
61581 147144
119500 119954
127329 147897
140746 165386
171300 43821
16436 193824
128839 57273
189604 169055
118067 48977
6523 137376
14992 27098
66728 45653
181253 142179
173161 21798
174838 112146
27844 41614
68960 42972
96860 132490
175515 28391
181597 141815
26151 137833
135976 99799
85926 24036
115775 86852
17208 11103
53814 7800
189134 10740
167876 159735
15111 10395
95732 63427
171885 65738
134559 115565
138449 89862
157582 61905
12691 128787
175438 9303
123692 58746
71109 118257
108561 110238
139049 60022
111800 59945
34171 18662
35381 163196
40452 123900
149080 127655
13569 53958
192834 97116
151988 128152
28967 51597
176513 113608
79753 31601
161943 140173
173690 46921
137045 139522
39122 107299
95805 156702
28727 66762
46364 69996
97335 150218
73762 58446
105253 174198
102145 148830
38130 173352
186639 168888
41321 70411
194302 120799
104499 134837
158447 135065
83269 176807
119481 151049
134787 70141
106519 36312
12444 174527
13646 145481
722 115165
22207 41450
83602 11358
126995 35750
150708 119184
153016 157380
144502 134939
87900 25519
153017 116699
183896 184456
143980 73016
45699 111166
178488 37090
58772 122262
135556 47123
192728 162625
142993 60297
106121 171054
151382 125638
103127 160573
113398 116068
188266 155010
123141 77243
185374 79455
76856 27919
65715 11227
14488 75628
23251 46540
154334 50878
18039 77667
124283 10784
88774 156055
55466 159477
63227 150418
118339 189290
107736 132008
133948 78559
135470 125346
4158 4878
30443 54589
55045 146430
6416 110797
60426 173722
57958 170741
61252 5867
79369 108456
85524 141292
183630 28193
25717 28224
88214 192463
117963 124414
12134 161394
12810 130433
118030 110889
70248 106980
131925 97677
11964 117221
93361 26998
88815 182014
152615 118633
14042 14843
13654 47565
140471 180863
95724 13737
23682 45436
9884 126704
166543 117408
191013 35981
183578 99572
114243 72681
107766 147569
136647 187325
119303 90304
30229 39200
61781 159149
77960 166528
12279 98611
55328 171767
150941 126939
164983 182029
97196 112652
146830 17353
150008 172867
94843 31522
3246 57866
149405 63071
90539 59134
141942 157447
50929 6255
191204 131479
138877 101710
69627 26212
135928 158248
161433 95466
96408 180194
184002 24218
152466 131381
123555 103047
56610 14495
151718 58303
74140 33785
119581 70945
114275 104962
154404 111161
166540 189249
162496 44829
59869 14721
81849 35087
14672 21986
35473 129870
131691 109987
39364 115842
57738 27586
57110 140255
139400 129785
31474 148046
171943 135200
152257 109443
86840 77223
4667 3626
44253 93514
123689 161802
50093 7078
91152 16979
159963 90513
3795 69476
108846 35338
192413 103921
112206 140248
123082 47388
95089 116562
40369 31378
143739 174166
142005 185916
156804 95279
163057 179775
50916 168235
32775 48104
169347 86083
86721 4806
22001 112946
19405 9313
106828 159614
91224 29121
109953 171291
34884 178463
189565 81149
128231 113171
51769 62291
117070 126464
103934 84083
140581 93790
120225 9317
193552 162762
153688 9411
191498 174737
16305 99616
157384 30914
77710 93537
82058 25509
326 21097
184930 36727
192197 124807
188395 6324
150924 180396
147032 191578
58333 105869
154880 171791
99670 139500
138245 100798
53680 49827
47151 143074
112721 157199
98674 191172
62183 138452
94545 105881
166293 107442
57888 45348
194416 127425
141753 105453
21079 66989
122979 42991
126882 75982
162022 69395
98243 75227
8023 169756
169570 179455
110739 174049
37430 97688
13055 43311
181002 13485
107386 15569
24369 134532
115749 129881
48459 117155
164462 168715
181259 104814
85694 165381
173618 127054
54188 132441
114955 177341
23547 126440
187617 126031
21771 124343
86242 182086
18392 124799
128155 188111
110609 175972
139834 83561
5506 82332
71163 127959
98278 3438
113168 142107
130757 58126
131487 157660
172038 182151
102157 167398
17014 167634
150641 16069
70325 182630
82712 152099
58225 48192
171108 142371
40028 176791
58166 66479
188016 136299
53253 88968
168251 104570
140047 182844
56874 126289
45683 27862
92183 25212
111506 101528
62424 6025
165539 70033
152112 10577
27173 177637
166593 6836
77166 107322
86374 50862
11643 82768
172338 17338
120687 29173
81871 118960
11771 106597
140271 86827
175128 122186
2015 32547
66432 174283
24481 57161
140337 60280
134824 104959
166618 8927
187265 78416
101043 32848
182912 89075
183059 119913
51641 23774
108470 117696
31495 35044
136957 14239
112185 170853
49031 82023
3640 179717
37023 156803
30198 105913
90706 168555
77675 168156
24116 94984
75689 108769
108031 190752
173573 184535
175776 93402
93032 2006
79119 63523
49234 83054
13530 35071
178859 71465
117749 144460
50519 12864
39504 187679
151622 53886
126322 19185
164316 158405
182744 192888
159808 90161
173551 102342
64599 26093
85093 160495
1592 72650
122584 71124
161452 38011
127335 88797
91552 73977
114946 92148
122808 162096
111534 25857
134172 67449
88218 140601
93312 96499
58279 35296
93621 181689
50377 70788
176216 180728
178370 77233
48762 103125
159351 68951
19291 170702
65670 160572
48967 100146
122984 138356
109788 88815
103211 46755
133120 27409
105615 153142
24229 50052
73751 32503
68772 117879
42675 145821
61611 2745
55276 70640
123436 129306
60966 109867
193 37196
108277 97156
125390 183720
155652 42581
30295 129364
142035 65819
76863 50103
92070 14570
58163 108752
121163 114856
22618 71331
143410 118212
80800 61324
75587 72438
98715 156568
181230 128681
109119 193136
16247 166771
185156 146973
169438 178745
82871 114031
76157 134775
38202 141361
96564 188709
138913 10866
88143 140054
172061 181629
1527 142625
28310 47561
66400 91164
160211 153275
75961 109148
51033 30508
187 172765
185114 101144
28036 105229
6103 141603
8013 34278
85777 48564
76029 173802
95632 166774
153239 103321
166201 191625
77379 85725
141640 27714
30552 119734
17399 164388
107499 51008
188421 162285
164680 176820
145566 18389
102684 128798
52514 118487
173667 97098
94532 35367
182523 187809
1054 139944
58329 136267
97549 32922
152974 33935
153963 13632
30193 114864
106638 128953
139743 172414
40454 65286
5001 112564
32588 103330
40691 128218
175966 93387
145629 62104
24184 23333
96577 183591
55521 102042
40101 81956
173168 137515
148756 178045
94240 44979
72669 75314
83009 112241
7310 96571
109515 176922
31868 171741
164343 15909
123415 98597
125625 74252
105921 164826
117457 86976
16439 121215
159869 21440
37644 112284
150083 102526
8908 117112
9245 105156
137265 95190
52447 180075
186178 48849
40111 31488
49158 142939
82904 4029
1934 187366
136939 6231
63225 130679
58192 46072
66291 481
167123 131177
164745 10041
33713 165482
34853 74183
126109 166701
21461 103421
159495 127311
73641 191660
152786 66428
167681 176636
11331 21620
132228 191012
167872 173058
66318 84506
85288 31289
105853 155958
66490 12273
12040 25158
13580 101200
86764 54105
43497 73512
135588 146383
79339 57650
177112 35220
34884 6378
150476 143592
174926 30085
179759 146710
125953 115175
71909 38949
13824 44657
52832 177565
101071 56975
110143 64861
113515 186384
194238 56463
142223 137688
147103 11188
157483 159255
146658 22627
91405 148025
34627 134959
30486 3216
145069 47167
128036 95797
126802 49933
175408 61594
148092 138080
58976 37126
19932 174931
35147 162670
47850 52600
64333 54292
160479 167991
5498 8309
190014 76037
147968 118593
68886 99908
58890 149805
33558 2140
82617 16512
48537 110328
38972 119048
6855 73335
80860 175134
67487 68710
115938 15536
176022 78104
152394 24994
106215 135311
25341 186853
188411 178034
85088 28530
13162 71476
27936 73638
171764 67891
119498 71792
48479 112727
117813 1555
79419 160620
105747 111482
164071 103270
29367 187252
147245 113764
99991 167478
4665 182929
36798 87579
139879 166193
117098 145141
165503 51692
14607 26718
25597 127560
126131 175015
72503 5254
65156 142720
182049 158898
128356 188876
64223 134631
135920 52557
171883 145957
15928 129068
52299 124299
172474 110557
119863 30501
182966 115485
41000 137457
162335 136279
3441 177936
191734 96314
42769 114291
25988 122033
113359 50289
190826 144795
154137 10040
52238 74061
188309 5657
35346 194321
74421 30228
59370 24524
48486 160331
71326 53660
154306 65713
12115 121431
69815 58475
39800 25710
133223 162220
9824 126975
157339 183407
167707 163291
71341 30950
183696 155983
10158 39316
54864 118108
51901 80413
21505 100520
7085 96525
19744 3529
146840 175533
153790 190272
164060 117189
146918 117815
48056 86715
180888 16366
165988 43436
108320 3062
151669 31914
22996 99076
164884 134639
114262 89483
172466 120264
125794 65900
71830 102173
150623 14959
110516 156466
90388 74662
51825 164481
19358 21369
157823 6140
91653 54226
37225 98959
171126 79396
3960 29733
78741 153283
51605 165303
121525 172508
162028 191435
97805 175968
63944 179947
128190 42799
21489 85176
54135 105318
7858 83895
28484 49055
9169 97450
35741 138108
13357 94463
92429 185244
120094 183929
34444 128693
152974 191138
81637 173661
102607 6343
102203 111632
103732 74455
160570 37147
62522 91003
32929 77584
31934 173311
179314 39178
161880 167012
95878 48214
98774 1547
131873 156643
94138 187404
58172 18391
16343 33896
60021 148012
67274 82247
108937 146514
151667 162406
39215 155577
117161 15214
187565 21501
74698 95292
18161 17964
931 89807
90854 130592
136590 111826
80557 75699
97626 186194
112397 172765
147501 88777
94293 139522
174326 193290
25617 3256
127844 126797
184451 24766
147633 164651
122315 75260
96368 76175
71366 83830
176785 42047
93770 45881
12390 74787
40683 85495
179212 7974
161961 178027
126352 115704
139734 15145
96937 55796
71961 161781
129567 54226
140923 75390
192220 121051
118278 124066
23558 112180
35321 118813
55264 137062
149694 62215
24505 115042
167700 11805
108357 6595
115072 98716
57423 130657
134775 80848
170397 67543
22687 50664
142937 190442
96220 94146
87209 8920
40786 185948
88941 13950
116831 85414
125996 37849
58635 25063
82224 37056
83005 51623
186502 193831
32982 114879
178649 41861
51062 15509
162715 158238
162230 121899
54514 72692
118800 36165
19629 119140
63767 80714
193348 69905
136945 14796
7246 19676
94564 29152
11150 77302
176293 122542
97682 57062
77386 100711
61553 169788
155232 70312
187697 85167
11187 183219
94474 79997
59076 178413
126324 143995
47614 57346
103183 39806
6690 58347
4088 88745
163625 55967
107000 167971
55275 110596
41756 85527
25434 105304
162458 169365
59712 166557
52030 30901
147723 168319
159583 147410
135807 146342
33982 18965
150872 10313
8584 33787
104636 178271
37891 41915
141549 100418
52515 140693
150532 179801
139862 28575
86508 125761
23103 97985
26370 87657
21544 59076
83161 171970
53785 84932
142084 92407
116020 62773
81257 173004
54900 141441
173926 74631
117809 169430
23477 3590
110408 149710
32169 23376
8080 37681
77691 174588
160088 188445
62565 161794
109778 84955
108737 38850
47350 12631
82630 128549
41449 120083
176123 139629
74601 65957
40896 62181
12235 175640
125230 43868
90966 57731
136768 85749
47323 1427
49686 114562
118567 136658
10138 78497
161365 167841
11658 51048
25634 143187
14386 115231
7965 76880
171937 120266
58611 140983
84332 126143
123038 8946
117565 109190
107869 6235
51413 140224
163362 48364
53938 88340
105017 148613
38187 109906
184164 68595
19287 13093
121496 132972
26164 13817
88531 177609
76018 149684
4107 125244
188952 10930
141683 73188
38371 52318
123940 131869
152232 56001
184668 132402
79108 145979
61857 141370
4013 120483
185208 64931
133321 169782
15107 41238
99248 150696
168809 178542
81617 147100
148328 38676
53331 180176
99940 11559
169714 27983
38539 120992
104269 176499
192042 125379
76909 141454
118213 133951
138311 172956
45697 142135
21017 85217
183888 157704
97464 163589
125553 117937
184810 85007
84907 2026
148390 56908
191226 94020
38614 31815
151678 139631
186787 107301
14563 123632
75793 41104
118900 132999
127322 22810
185183 160476
10239 190460
145117 177651
54847 34411
86527 12308
36855 12624
33612 142662
115026 156687
91417 59245
142852 139055
102786 116904
52871 102638
97717 33216
73000 187577
26656 108312
16569 1870
192078 141452
65759 181719
53292 47078
115869 110229
146619 152827
31972 82144
79031 191541
9283 110435
186486 72993
85391 119448
125946 106055
14518 62843
56815 93304
90429 138248
170615 10817
35291 59515
81038 31309
184229 112289
146434 4316
190724 86142
37033 139325
100296 39920
12059 24740
75150 36888
86138 152415
47384 111369
49056 123995
96404 121926
46359 65316
97710 66399
111188 11036
76115 107285
93004 127547
156443 120387
161921 170460
90598 75594
67454 117117
41610 74443
19089 92801
126685 44741
128358 118642
29996 29471
65584 158196
185628 9828
29085 122698
101175 117117
85266 127286
121593 92537
12017 146856
191587 74570
104785 12549
103665 45260
124713 91341
35044 18781
8142 78666
56136 59768
88957 119984
76602 120193
160345 184416
142534 49857
113616 74609
66027 162395
125920 136725
186471 94848
190930 164435
116749 80696
178237 12817
102011 122748
168852 122990
70581 2278
17294 56314
68592 164511
125607 4107
124271 186281
140984 173283
173338 183184
20515 108954
115328 57527
178321 142016
29458 28354
179152 3513
86761 94159
24062 30185
7907 95814
129368 170305
33480 111784
55122 52391
84270 62454
104372 156539
190501 71911
180258 4800
180564 142711
70195 58796
171984 8769
17141 5540
113047 179514
171118 27028
29213 119906
182544 163269
29389 116965
156632 109958
163387 138294
131199 129467
113067 12686
55932 66595
29400 183503
142666 89508
128816 105602
130619 177208
130696 156182
154245 165202
56889 82622
117069 94082
96538 161262
55923 125672
186994 174231
4945 73566
180957 116038
116811 105536
34617 173721
39291 103185
128568 151906
14109 66217
193506 40301
86382 99972
91720 60657
24497 140562
48722 103681
117697 182357
158048 88501
186951 40655
147291 158788
170442 88913
125486 140514
58424 138096
98136 50064
52315 48692
157338 101452
85961 38164
35189 1057
70598 138732
144677 130561
109550 48509
42208 144830
106891 33206
142453 157124
158542 158791
33150 7327
51515 85199
117238 163809
111988 103440
43023 120262
71543 72564
35038 113227
131769 121301
180635 147371
160092 4069
106626 70085
152292 166773
63756 142731
34603 116142
105383 38872
93310 15983
49646 39190
7369 10491
158508 128711
61726 99827
155779 29728
38699 133255
192543 79764
46323 183464
132186 36015
22724 120848
77458 102077
146378 12836
123820 130447
47043 71420
87951 101261
177864 103208
27940 134706
52379 126969
10344 109881
86090 19001
160689 171483
68872 164962
173271 133945
28696 119151
137476 58939
182100 121740
187843 151991
2603 87371
157577 173345
192871 175465
54253 83206
150348 185110
75933 171713
87508 32821
97257 102184
40394 183151
95881 27988
43733 140687
33318 44933
62831 35777
171132 174076
59347 151146
35180 152874
68852 145838
70621 140171
129885 182196
106385 162964
12596 109783
91120 190135
168964 37637
111828 40550
93153 22450
52025 154173
63463 15253
46800 2709
75986 170557
63731 116554
162697 193073
190793 24828
14389 80723
139259 160960
47159 98130
36931 97904
188276 141927
96982 25223
45014 67763
33349 139478
111977 108285
5078 165139
130436 92964
72026 193754
129267 91057
190850 141096
104270 115378
155344 13588
166629 55624
85868 98993
55148 59468
13214 187409
104626 99186
165127 158510
74875 54021
86560 104477
83636 150737
35722 53130
156646 187668
194040 128547
111362 85020
155685 150504
34126 72641
46618 167067
152431 69309
87668 126191
1161 159295
34252 131175
142599 83245
92806 51801
22557 40038
34036 111878
94483 27905
69203 144698
51587 99192
91914 162980
2268 64465
186787 148537
88327 128342
29825 11594
55576 61460
45426 181928
27170 189901
128968 47729
104861 70005
145434 11392
146282 154564
11517 129719
166548 35597
64304 156080
169278 44290
54462 149461
7964 62982
105103 153986
39025 117446
144696 57833
178667 49873
190368 96936
107720 40644
181063 3578
27787 185732
144644 157647
76840 73907
183995 134132
154230 176991
68267 121674
157344 164478
103840 162690
170549 117826
144770 158839
168663 86211
90059 154408
108572 188378
148610 146155
5409 98534
32758 85194
152518 93288
132117 161160
189254 320
160664 67526
65181 54720
127706 70883
132392 93126
140614 46902
187371 129254
132033 85148
188703 61230
64676 177134
72537 114550
112409 44749
180167 111400
60363 56543
129390 66657
17393 45585
189678 25658
186552 5799
155909 164591
66987 120200
74869 21716
87441 189796
106254 123042
182383 156127
14107 177036
103624 17855
142684 69593
23224 77546
181494 128285
157224 96605
8980 129017
18789 113919
171849 52863
52259 153403
155746 56860
75667 158844
14615 125404
13846 45275
54284 43691
96705 33629
86041 155448
28361 119545
79020 170611
183847 165871
173557 95265
34264 62490
74304 135568
158122 98917
24923 18443
93897 173701
92157 75105
153046 2876
66512 190978
113318 156833
85482 172756
189268 7574
19725 112648
57475 67137
177066 180934
173882 128220
37342 96375
101166 121218
127191 190623
51257 169960
187925 33894
322 131467
188084 141655
73208 40858
50498 85579
78804 85682
82773 87038
88690 126654
1141 13427
1187 163479
56103 35203
95290 166673
946 136638
155962 114179
168067 93413
43359 4858
150215 143595
144086 18906
178686 158647
164443 10369
48131 82385
118396 83957
124601 44833
115226 91696
26278 147513
27821 97263
92747 24104
134643 34589
148879 185367
150166 164996
138773 111132
194008 22883
185800 165599
139125 44624
177149 137718
190201 177274
84161 115995
101538 159548
42898 169779
125786 17551
63985 169875
97078 177839
66595 18401
82774 47482
44522 98051
13380 26465
171697 92195
59620 18009
57707 1276
83578 130646
165140 38955
164713 113166
83388 152094
106626 193958
140914 178632
147018 10600
103623 119797
109433 95940
191262 4871
161805 18991
159082 187416
113595 139499
159986 117000
31070 66770
101314 185654
56662 13621
37495 11563
182472 48432
130003 53288
144170 105839
135471 169245
176605 115700
165410 58238
126376 15663
155757 31439
17900 87953
191473 190966
46438 50104
62996 161220
180422 139692
97796 161701
42251 153406
181819 165814
159098 62834
176879 35011
130193 29079
66997 8565
154559 104033
46676 57746
2920 47808
130797 159302
64237 23030
84830 8503
179804 147090
126474 61421
145404 27757
21648 152515
166286 129865
98637 161947
135428 5227
101880 71349
48228 161564
117991 30337
161730 106360
78231 90385
191542 114068
115958 15283
187216 51965
182295 120540
142147 33919
10423 112722
7346 101642
176713 80587
140481 143216
38629 60375
153618 123424
110280 130998
133062 12234
101704 164556
19669 104905
111775 121864
38244 8149
16594 84818
53591 166880
53473 154910
89224 88821
173794 120693
99335 191148
132734 73662
2277 41526
68885 175630
172717 156581
11699 105795
107717 28145
186865 45601
110095 40601
61223 115492
185082 7541
68781 7789
167610 86374
67448 68834
96618 139758
62731 187266
191394 7731
66306 62711
81047 187800
67906 179379
173272 38407
9092 21464
39180 128699
111508 103146
148789 184951
37538 132346
36190 148588
177596 8289
190946 135422
126613 47478
122181 8982
75459 47871
84626 73416
36672 190572
145289 168501
133456 158841
69850 19459
164184 101960
101182 33711
12640 61475
172451 191798
25632 164252
127692 180925
115413 69480
109476 179910
1779 156149
59396 109595
183076 142170
179515 130634
13594 173731
168003 189634
17054 126041
44023 105350
22260 185182
89743 119804
10193 133394
16151 128929
139390 152743
141529 184716
122758 12076
103546 25188
12746 185802
14173 44697
185536 170435
88068 97562
125627 23699
41277 162092
122674 109786
21182 142439
95608 95853
111453 112471
142193 14647
2821 160185
61249 90852
124236 186135
122457 37737
153498 73214
189744 59953
106395 191852
75044 47105
107898 159878
104229 78346
4461 12930
168694 177891
163001 95136
128677 94013
12791 189980
20622 130791
54526 84306
33842 139868
168415 58655
143859 6399
182293 159025
73122 71973
109398 192674
79972 15005
9552 156053
190395 172656
131664 62639
27609 97456
16738 36467
151551 57194
186439 36161
74932 148025
189238 98271
4001 152264
69207 168882
160248 70665
58781 128584
13804 78528
175188 62129
20101 190073
157060 148437
36527 89942
74913 24576
128471 169426
189097 65001
116263 147499
156400 102073
126894 84221
62539 31341
93987 93800
127092 142875
187304 70671
84813 136350
563 165073
72673 153857
94956 12318
118315 125709
145191 180883
190822 179861
121826 113210
15688 130878
18783 122944
94658 167312
42873 178372
158870 15547
80623 20559
25452 74534
40569 62347
806 147270
12393 187039
94367 193672
118479 171822
107203 121238
58330 14731
151432 94424
173399 174435
37173 139973
49392 25902
104532 56145
111492 153220
177404 107572
135722 190702
15484 136925
151879 23348
104209 142746
89744 52190
48568 79327
1307 146741
160425 116548
68496 48747
72104 105408
173366 111317
73915 151016
113991 165346
162260 93508
126265 149367
189863 88319
179281 107738
29600 24230
154134 163525
85495 72891
38091 3384
132925 11793
22508 17167
30066 44672
85959 11801
125612 46829
10512 123988
110917 68400
54310 155989
15167 123003
10016 1923
178004 37144
143428 123242
189351 65899
21146 162352
149487 133487
124323 78342
93202 103557
172377 104939
160773 152817
123607 126792
188422 8026
89050 180184
126816 99412
179332 131727
132767 15392
78746 180172
70631 53125
170504 122532
112685 183668
161762 151219
144134 65169
29527 15346
146921 174298
188279 20107
97010 190706
83874 174008
151171 84410
36401 18608
134682 117599
187931 148941
131690 181222
7811 24405
121562 107449
168005 63676
125781 178283
12911 73045
21961 193987
78377 151951
94629 167731
55671 175720
174290 3629
150590 85483
134310 21338
39112 119844
97746 1626
114176 33860
11107 10777
92244 162809
153091 48158
78923 95211
33993 188326
26565 188458
91402 123056
141585 160709
64372 168656
8343 56276
85027 159647
64993 156944
29672 168807
174814 7295
16996 11684
30302 123548
91775 5539
39903 188405
52281 60609
22899 37143
75198 34484
151060 26466
112437 123826
178560 109131
19071 10738
57143 30767
80519 62355
145285 169665
148619 177902
120231 24545
95706 133909
146111 146535
139184 192194
96346 109380
13041 54131
89838 152248
46961 102639
127483 64059
80142 97951
51754 186132
117437 96702
84134 145195
186374 68643
121662 129041
151824 152012
77599 24417
153220 182382
65104 131730
77290 126127
44852 182759
51613 133469
141498 15423
127981 161299
91536 127419
130370 2936
77905 56214
97972 162776
151999 190066
87774 16499
119162 123737
115397 98851
173146 18253
82022 84095
60616 157439
128710 178018
151619 149048
102947 82150
147272 179373
65731 83402
19803 7267
175192 99864
169176 78107
11252 93783
186303 68778
50454 113751
124437 73173
36720 22813
164573 114973
189018 154532
79132 181988
191363 115379
32304 172508
135692 158166
59303 99355
75804 55585
119125 170725
12450 51914
93588 111859
139185 191941
6896 90652
6446 83529
165716 22047
186397 60771
39282 173195
39124 53766
46705 59756
63550 126365
60241 63574
134014 130657
165984 123107
5698 137022
91116 4947
145227 83608
61968 134927
146371 193784
151763 119873
120919 138886
