317 32 12
14
28
1
10
27
21
27
18
13
8
9
1
4
31
14
29
15
6
18
24
31
9
13
13
25
23
3
31
14
14
17
25
1
31
18
23
15
20
4
14
7
12
16
28
21
26
13
12
20
24
16
8
24
5
18
30
11
31
17
21
2
21
6
11
21
30
22
32
20
5
11
12
27
9
30
28
7
17
19
17
21
14
28
21
21
32
29
14
26
16
26
1
22
30
1
21
32
5
21
5
4
25
27
28
1
24
16
24
29
22
22
23
22
19
19
22
28
19
12
12
29
14
20
24
9
23
23
25
31
10
11
8
23
26
25
32
11
26
10
16
15
28
2
14
12
12
9
1
14
8
8
9
5
21
21
1
4
30
15
16
30
4
16
20
5
2
21
7
30
25
19
16
10
4
11
4
31
29
26
18
10
21
17
16
24
30
6
24
29
17
25
19
32
26
19
26
15
16
17
31
25
28
9
2
5
22
20
31
32
7
13
3
32
29
9
7
25
6
16
19
14
4
26
25
25
23
7
5
17
25
24
7
5
4
4
2
25
32
7
6
24
16
2
29
14
27
14
22
8
27
5
25
8
18
7
27
24
19
8
24
2
31
21
23
11
28
21
16
16
16
30
16
2
19
22
30
29
23
26
20
4
32
23
17
14
26
1
21
8
22
18
24
17
30
22
28
11
28
24
28
14
22
12
28
21
29
3
9
10
14
5
31
17
16
21
24
6
