500 50 50
32
7
50
12
47
5
20
29
36
44
22
45
1
3
23
24
6
43
13
34
19
40
50
36
19
47
32
35
34
8
10
10
14
42
14
19
38
50
47
3
15
50
28
7
47
22
17
25
19
22
15
17
47
2
27
1
9
50
38
38
6
37
4
10
40
44
7
46
44
22
35
11
20
13
33
48
45
5
32
25
7
43
34
31
20
31
39
50
19
10
33
22
43
6
25
18
8
19
35
23
31
10
22
23
23
32
34
14
40
30
29
19
11
50
35
6
14
33
3
27
44
33
4
8
43
11
24
4
9
9
50
34
12
18
13
32
21
29
34
38
50
3
27
41
14
1
23
36
18
49
21
6
21
15
39
31
22
13
17
26
50
4
23
42
20
3
28
13
14
15
14
6
44
38
40
12
33
30
26
36
20
19
10
26
33
9
29
50
38
44
12
11
32
23
5
41
44
22
43
50
36
38
47
42
39
2
31
49
48
14
11
46
22
3
10
32
33
47
4
34
13
12
4
37
1
5
25
21
29
27
31
35
47
19
45
47
19
12
7
13
47
7
45
45
39
42
44
15
4
50
30
29
10
27
22
12
35
47
7
38
25
30
26
11
44
42
5
18
36
3
2
23
49
31
44
1
42
3
45
4
12
39
5
8
44
47
5
22
35
46
26
22
26
36
29
23
22
37
41
27
47
23
30
29
50
46
38
30
50
19
32
38
9
1
39
20
11
42
13
15
49
44
12
16
8
14
3
45
43
22
18
26
2
43
28
26
42
30
41
35
41
30
4
40
27
27
2
28
50
23
10
13
3
36
36
3
32
42
25
27
36
16
48
20
49
36
38
3
22
34
17
48
6
33
25
22
30
47
48
28
4
9
6
38
35
42
25
44
48
23
41
22
5
4
8
44
4
19
35
21
49
47
25
49
2
40
45
20
50
26
10
44
3
47
13
16
48
13
47
10
3
8
9
42
31
34
39
18
36
50
34
32
27
1
23
26
27
47
40
32
48
35
7
16
45
40
23
45
48
4
23
35
3
30
48
14
20
11
19
22
49
10
42
50
29
22
4
13
11
28
33
7
32
12
50
48
18
12
9
34
22
43
17
24
42
38
28
35
21
48
47
1
20
32
16
32
22
13
1
9
