372 36 7
21
31
13
21
21
23
9
11
16
26
24
29
18
27
15
3
8
28
18
19
17
3
26
21
9
34
14
8
18
23
1
19
33
8
20
31
30
26
26
26
18
8
18
26
17
3
27
10
25
13
28
26
17
6
29
6
11
6
5
30
10
25
13
29
18
36
16
25
16
21
2
31
10
5
21
20
28
17
16
5
24
28
2
3
19
34
12
2
17
25
18
9
35
34
4
3
19
8
7
4
5
27
11
31
23
6
29
3
10
18
1
28
33
25
26
16
9
33
36
13
24
28
1
30
36
28
6
1
1
28
7
27
21
28
10
9
3
1
24
26
27
26
2
32
19
19
28
4
1
22
36
7
13
32
24
3
22
1
7
27
7
11
12
15
24
35
3
22
20
4
35
23
15
11
14
6
34
20
34
34
31
2
14
26
13
25
22
7
1
13
5
20
21
19
9
21
16
13
27
24
8
32
20
5
25
27
6
5
4
15
36
17
13
5
13
2
1
15
10
32
3
22
36
23
25
15
30
4
26
21
19
17
13
24
35
21
21
22
16
33
27
13
29
32
17
29
2
24
5
33
9
8
24
4
10
1
10
1
34
14
33
3
27
12
18
35
25
18
21
19
5
35
34
19
22
21
18
15
17
15
20
3
34
35
32
5
27
36
35
7
12
2
7
18
16
27
32
13
2
3
1
36
1
36
33
19
33
10
13
23
4
6
20
6
13
2
8
16
22
35
25
15
3
6
5
34
12
7
23
16
25
7
11
2
1
31
12
22
6
16
4
23
34
34
28
13
19
22
35
31
35
35
18
6
28
18
29
13
34
7
15
25
4
15
19
17
36
28
34
15
29
4
