999 37 72
7
26
21
1
33
33
20
4
18
3
27
36
32
28
26
29
31
13
6
9
27
32
3
11
35
18
33
4
2
1
11
27
35
12
29
24
13
12
29
30
28
10
31
27
14
12
17
21
32
13
33
36
1
37
7
7
23
30
21
13
26
22
7
31
35
12
28
35
15
36
9
3
29
6
37
37
6
18
37
29
37
26
32
37
35
24
18
25
37
17
34
25
18
26
29
7
35
6
3
18
23
33
22
13
21
3
7
12
22
24
7
25
33
15
2
33
36
11
3
18
25
4
10
21
32
36
10
14
30
18
28
36
1
24
30
31
9
19
20
14
9
32
11
16
27
4
25
17
12
26
29
28
8
13
3
36
7
36
3
25
7
13
21
15
19
10
4
14
12
33
20
29
33
18
31
19
6
2
6
26
9
27
1
28
31
12
36
8
11
9
35
21
16
26
27
3
6
22
20
20
33
23
28
17
20
27
14
28
8
24
9
32
36
35
8
16
24
14
17
12
3
31
4
4
10
22
9
30
18
34
9
20
24
13
13
35
2
23
27
31
10
23
1
36
24
32
18
29
18
8
25
26
26
18
15
7
25
28
17
34
28
17
12
8
21
17
17
18
27
6
9
22
5
26
16
9
35
27
4
14
8
16
4
24
35
23
4
7
30
16
21
15
1
37
36
33
26
17
26
10
24
15
13
16
4
22
34
16
16
30
5
1
15
24
32
2
11
6
1
20
5
11
12
10
14
33
31
10
3
2
20
8
29
23
17
37
9
24
29
29
34
28
31
26
3
24
11
3
23
3
16
36
19
23
15
18
37
14
12
25
10
19
3
13
32
26
23
28
19
20
13
28
11
14
26
28
27
35
13
29
13
4
30
31
25
27
12
37
26
35
11
11
36
36
25
2
21
29
3
3
24
25
20
19
18
13
22
14
24
27
23
7
6
33
1
25
18
7
20
26
13
7
18
36
8
22
26
11
7
27
29
17
27
6
31
9
29
2
17
30
2
29
25
18
5
2
25
19
30
36
18
30
18
32
3
13
32
9
32
15
36
34
24
34
8
37
8
5
26
34
18
9
19
26
4
25
17
32
10
15
21
3
6
21
6
11
23
36
26
34
7
1
26
25
5
23
25
3
25
6
11
35
6
16
23
24
19
16
37
33
35
35
18
9
5
6
2
37
6
1
36
11
16
13
20
21
10
8
33
22
15
7
15
27
20
28
35
2
33
6
5
36
32
13
5
21
26
37
26
13
28
5
6
32
19
32
19
6
36
24
18
1
19
8
35
8
6
23
5
29
4
9
14
21
20
15
36
18
2
18
29
35
21
23
30
30
28
11
4
9
23
33
28
12
9
23
35
37
8
13
24
12
31
26
28
32
31
30
27
25
11
25
26
3
32
10
6
28
1
20
2
31
26
3
14
12
5
24
6
33
23
19
14
21
32
36
21
25
1
20
8
29
27
34
2
35
11
36
23
6
23
15
32
4
13
30
35
20
28
6
30
28
2
9
20
24
13
12
22
17
27
8
37
34
17
4
25
27
31
27
3
23
18
28
17
4
9
11
26
16
32
3
14
33
36
30
33
17
25
27
8
10
2
34
19
24
9
17
34
21
13
19
2
30
22
2
4
20
12
24
37
20
21
12
25
6
21
8
27
30
9
17
9
6
25
14
20
20
20
1
20
23
15
24
11
14
28
4
29
25
37
24
16
7
15
33
16
25
4
37
23
32
25
20
10
8
37
37
23
29
19
37
5
16
33
10
13
20
1
29
9
29
12
19
24
25
33
3
16
37
20
30
26
1
2
22
14
15
7
31
10
34
15
20
20
20
14
9
18
3
7
10
21
25
2
4
11
32
13
2
18
33
3
4
12
15
27
25
22
25
30
22
4
12
5
20
20
4
9
18
26
33
12
15
8
7
35
2
28
6
36
26
3
12
20
34
9
29
15
19
5
35
10
29
6
35
34
30
15
16
12
12
7
25
35
26
12
1
13
10
10
24
32
19
8
32
7
12
37
20
2
7
34
32
20
25
5
7
1
8
29
34
4
27
36
29
5
16
36
17
26
15
9
16
14
18
2
2
11
34
15
12
8
11
9
19
29
35
33
32
19
24
28
16
23
35
10
36
21
18
35
22
17
26
3
20
20
18
8
12
20
29
3
21
27
34
12
30
33
16
36
19
9
3
21
18
34
16
16
22
7
5
6
20
7
33
15
15
11
8
4
2
14
30
11
27
20
22
14
4
1
20
35
17
22
8
6
14
18
