203 36 48
4
16
14
34
23
25
13
9
7
17
15
21
32
27
7
10
25
28
5
22
1
4
34
27
10
11
5
15
4
19
22
15
15
29
35
10
23
13
4
5
25
2
9
3
16
25
35
19
2
7
21
4
21
29
16
9
9
6
35
3
33
34
36
28
8
23
19
36
29
22
36
8
23
21
19
34
29
27
35
31
5
3
6
3
21
24
11
8
2
15
5
3
15
24
35
10
6
12
21
25
26
32
15
27
10
6
2
8
33
24
29
2
36
30
24
35
11
22
10
25
27
18
36
16
19
5
14
2
14
14
23
28
30
33
16
11
35
12
18
29
36
15
10
33
5
25
1
2
26
27
32
15
36
13
9
20
8
27
21
15
8
30
27
27
2
31
35
7
5
31
23
23
34
4
19
21
30
31
4
25
13
20
3
27
9
30
27
25
29
16
22
11
18
2
26
14
34
12
5
28
1
21
10
