198 28 19
14
3
6
28
20
14
17
14
26
7
17
18
17
6
27
8
23
23
22
26
11
26
24
1
11
20
25
21
26
20
9
11
9
24
22
26
28
12
10
27
18
14
23
20
6
27
15
25
8
13
23
20
22
15
14
7
28
16
11
23
8
26
28
7
10
21
2
2
12
16
2
18
5
7
22
2
20
16
1
11
22
17
16
26
5
8
28
14
27
8
5
27
7
19
12
25
22
12
14
10
27
18
23
5
22
2
2
19
28
10
1
2
20
16
23
19
18
12
10
19
15
25
1
28
28
1
25
10
4
9
7
16
25
22
11
22
2
18
7
15
2
11
15
10
25
6
25
2
18
27
15
1
21
10
26
7
6
10
16
7
9
10
14
22
1
2
14
4
19
15
10
10
12
19
3
11
17
4
7
17
8
21
1
28
10
26
13
21
15
4
4
1
4
14
13
1
3
15
