318 60 76
6
56
29
60
14
40
31
41
29
23
43
55
6
29
14
35
37
4
56
39
3
53
6
23
53
26
7
40
17
25
18
11
47
46
47
6
35
51
31
51
45
51
7
32
45
44
44
37
3
44
19
16
11
7
38
1
48
44
24
7
60
37
7
42
20
48
35
37
24
32
1
31
26
22
20
14
2
49
17
35
11
38
13
10
34
14
48
37
32
39
26
12
21
16
20
53
45
44
35
1
32
30
33
38
1
13
1
32
37
6
11
37
45
31
40
1
2
1
2
22
26
57
17
46
16
35
33
31
12
26
30
32
58
32
18
47
53
38
52
52
35
23
57
19
6
32
22
20
40
33
33
43
45
28
2
57
60
37
41
25
32
40
3
59
15
53
21
40
51
32
17
5
46
13
15
31
15
48
55
11
27
18
6
27
60
26
44
12
4
12
31
8
60
8
16
3
21
27
60
14
27
8
39
49
26
38
23
55
6
38
39
30
9
13
31
58
20
40
44
21
5
55
28
29
35
52
41
12
53
17
39
56
45
56
60
18
30
5
11
57
54
18
25
57
7
2
7
47
1
43
19
4
21
11
4
11
10
4
2
19
50
59
57
41
59
25
30
55
22
45
51
21
59
38
46
25
26
22
7
4
3
15
52
6
34
36
23
16
37
38
53
38
11
21
41
3
32
3
2
8
2
44
15
59
17
19
49
24
33
16
5
27
50
55
40
49
16
31
