402 37 1
37
19
21
22
8
34
4
29
36
3
31
4
24
4
27
13
22
13
37
9
27
18
37
22
30
3
15
18
22
10
22
32
31
26
6
8
24
34
1
25
29
37
27
20
1
22
17
7
5
31
2
9
10
1
20
5
6
2
13
34
6
36
23
37
26
15
28
9
10
11
12
37
27
28
22
32
36
27
21
31
9
37
34
14
18
36
25
34
2
20
13
2
7
25
5
31
5
30
21
16
11
22
35
37
28
7
24
8
18
29
4
26
4
32
34
18
5
14
29
35
37
32
22
4
25
14
17
6
9
24
10
19
21
25
30
14
29
10
10
8
18
17
21
24
17
17
35
30
11
37
6
37
15
24
5
28
26
1
34
32
30
5
30
11
35
3
33
13
1
26
28
26
33
9
24
13
29
32
2
28
2
28
34
27
22
30
34
32
6
5
4
16
7
9
18
16
23
11
25
32
18
23
2
24
35
3
2
17
29
21
33
29
9
10
25
20
37
1
6
30
24
22
27
11
23
37
1
37
5
24
21
23
19
8
16
27
12
6
12
21
35
30
6
30
20
4
12
8
20
18
34
15
17
16
28
3
18
29
21
30
29
32
34
29
4
37
23
30
14
36
30
9
28
8
34
2
6
36
24
18
23
2
18
25
13
27
36
25
35
16
15
33
21
23
6
29
20
21
3
6
1
37
5
37
12
26
36
22
13
28
33
34
25
5
34
21
27
11
15
28
20
22
29
13
23
33
13
1
10
35
3
36
6
33
20
8
3
11
25
20
24
28
32
7
22
23
19
17
31
36
24
6
5
7
36
25
30
27
23
22
9
18
22
14
13
19
21
32
10
23
34
23
28
8
14
1
31
4
25
17
33
29
37
9
21
3
23
28
26
33
16
23
33
33
21
31
33
12
4
34
26
15
